12141526 	2018
12141527 	2018
12141528 	2018
12141529 	2018
12141530 	2018
12151626 	2018
12151627 	2018
12151628 	2018
12151629 	2018
12151630 	2018
12161726 	2018
12161727 	2018
12161728 	2018
12161729 	2018
12161730 	2018
12171826 	2018
12171827 	2018
12171828 	2018
12171829 	2018
12171830 	2018
12181926 	2018
12181927 	2018
12181928 	2018
12181929 	2018
12181930 	2018
12141506 	2017
12141507 	2017
12141508 	2017
12141509 	2017
12141510 	2017
12151606 	2017
12151607 	2017
12151608 	2017
12151609 	2017
12151610 	2017
12161711 	2017
12161712 	2017
12161713 	2017
12161714 	2017
12161715 	2017
12161722 	2017
12161723 	2017
12161724 	2017
12161725 	2017
12161726 	2017
12171826 	2017
12171827 	2017
12171828 	2017
12171829 	2017
12171830 	2017
12141522 	2016
12141523 	2016
12141524 	2016
12141525 	2016
12141526 	2016
12141528 	2016
12141529 	2016
12141530 	2016
12151601 	2016
12151602 	2016
12151615 	2016
12151616 	2016
12151617 	2016
12151618 	2016
12151619 	2016
12161711 	2016
12161712 	2016
12161713 	2016
12161714 	2016
12161715 	2016
12161720 	2016
12161721 	2016
12161722 	2016
12161723 	2016
12161724 	2016
